0 0.7397990822792053 0.8719821572303772 0.13477401435375214 0.21850036084651947
0 0.795032799243927 0.8142816424369812 0.160890132188797 0.038136452436447144
0 0.7312712073326111 0.9496771693229675 0.11667322367429733 0.034247446805238724
0 0.5131188035011292 0.7746460437774658 0.07541035860776901 0.15515998005867004
0 0.6485657095909119 0.7604153156280518 0.03744291886687279 0.040194444358348846
0 0.5900641083717346 0.7382122278213501 0.03502783179283142 0.02798912115395069
0 0.5913372039794922 0.6996272802352905 0.06298425793647766 0.04428612440824509
0 0.5200268626213074 0.6762340068817139 0.02111639641225338 0.012927534058690071
0 0.7457698583602905 0.9886417388916016 0.13477401435375214 0.02271648310124874
0 0.7329698204994202 0.9967954158782959 0.11667322367429733 0.00640917057171464
