0 0.8309258818626404 0.6114119291305542 0.1775038242340088 0.09984584152698517
0 0.7806198596954346 0.5184715390205383 0.14788900315761566 0.07495036721229553
0 0.7894038558006287 0.27069583535194397 0.22731603682041168 0.10818622261285782
0 0.8531811237335205 0.42017221450805664 0.15803645551204681 0.04038494452834129
0 0.7341530919075012 0.21949617564678192 0.20634645223617554 0.15634222328662872
0 0.7105966806411743 0.4543377161026001 0.11392103135585785 0.04211410507559776
0 0.6906886696815491 0.4118529260158539 0.13256418704986572 0.03566725552082062
0 0.8843224048614502 0.47424864768981934 0.22189557552337646 0.6652942895889282
0 0.8081547617912292 0.06919755041599274 0.06621382385492325 0.1324351280927658
0 0.9989045262336731 0.45966964960098267 0.0021909105125814676 0.6652942895889282
0 0.992842972278595 0.06086615100502968 0.014314036816358566 0.12173230201005936
