0 0.1263890266418457 0.34791699051856995 0.14351904392242432 0.12604200839996338
0 0.2310190200805664 0.37474000453948975 0.07685196399688721 0.03177100419998169
0 0.2819439768791199 0.44348999857902527 0.052778005599975586 0.03072899580001831
0 0.19722199440002441 0.4424479901790619 0.09629595279693604 0.03072899580001831
0 0.11851900815963745 0.5354170203208923 0.17407405376434326 0.03437495231628418
0 0.1476849913597107 0.5880209803581238 0.23611104488372803 0.0645829439163208
0 0.13194400072097778 0.7229170203208923 0.2583329677581787 0.140625
0 0.27963000535964966 0.7010419964790344 0.09259295463562012 0.06145799160003662
0 0.10324102640151978 0.8885419964790344 0.15648102760314941 0.13645803928375244
0 0.30972200632095337 0.552344024181366 0.06018495559692383 0.027603983879089355
0 0.31898099184036255 0.5799480080604553 0.06759297847747803 0.025521039962768555
0 0.2921299934387207 0.5072919726371765 0.05463004112243652 0.04479202628135681
0 0.1430559754371643 0.42552098631858826 0.052778005599975586 0.3729169964790344
