0 0.5122399926185608 0.6296300292015076 0.03281298279762268 0.14444398880004883
0 0.7539060115814209 0.6625000238418579 0.033854007720947266 0.03425896167755127
0 0.6807289719581604 0.5138890147209167 0.04375004768371582 0.053704023361206055
0 0.14036500453948975 0.7101849913597107 0.27968698740005493 0.12592601776123047
0 0.32213500142097473 0.5393519997596741 0.15989601612091064 0.05463004112243652
0 0.5239580273628235 0.5046300292015076 0.03437495231628418 0.07963001728057861
0 0.517969012260437 0.755092978477478 0.026561975479125977 0.08796298503875732
0 0.4726560115814209 0.7736110091209412 0.018229007720947266 0.07129597663879395
0 0.799219012260437 0.7152780294418335 0.025521039962768555 0.037963032722473145
0 0.8635420203208923 0.784259021282196 0.0604170560836792 0.06666696071624756
