0 0.0009684334509074688 0.7868224382400513 0.0019368669018149376 0.0266884695738554
0 0.6882657408714294 0.7121427059173584 0.04018307477235794 0.19637393951416016
0 0.46378976106643677 0.7463613748550415 0.0673978254199028 0.027711402624845505
0 0.03464091569185257 0.7851033806800842 0.06374541670084 0.0266884695738554
0 0.9273394346237183 0.6483641266822815 0.04286700487136841 0.020578568801283836
0 0.8075125217437744 0.5839543342590332 0.033492960035800934 0.020329032093286514
0 0.8455643653869629 0.5871078968048096 0.047181662172079086 0.038280535489320755
0 0.8773084282875061 0.5834855437278748 0.047166064381599426 0.03642870858311653
0 0.8385094404220581 0.5534958839416504 0.032436553388834 0.018450569361448288
0 0.8094000816345215 0.529731035232544 0.028783148154616356 0.017427610233426094
