0 0.7893519997596741 0.5229169726371765 0.20092594623565674 0.12395799160003662
0 0.9152780175209045 0.9164060354232788 0.09907400608062744 0.16614598035812378
0 0.9370369911193848 0.2718750238418579 0.12407398223876953 0.04791700839996338
0 0.8537039756774902 0.7971349954605103 0.03518497943878174 0.06302094459533691
0 0.7037039995193481 0.5640630125999451 0.02592599391937256 0.04583299160003662
0 0.6773149967193604 0.5221350193023682 0.03611099720001221 0.04843801259994507
0 0.7893519997596741 0.6859369874000549 0.08796298503875732 0.15937507152557373
0 0.9226850271224976 0.8614580035209656 0.09351897239685059 0.12395799160003662
0 0.7995370030403137 0.3393229842185974 0.07870399951934814 0.025521039962768555
0 0.6587960124015808 0.4403650164604187 0.021296024322509766 0.010936975479125977
