0 0.4407085180282593 0.9515472054481506 0.04463854432106018 0.019549770280718803
0 0.421575129032135 0.9286087155342102 0.05367853119969368 0.02511461079120636
0 0.4311308264732361 0.903240442276001 0.06325318664312363 0.023547129705548286
0 0.45967844128608704 0.8369539380073547 0.02169949747622013 0.011906012892723083
0 0.47177740931510925 0.7872568368911743 0.02654108591377735 0.015663472935557365
0 0.43310603499412537 0.7624512910842896 0.025711648166179657 0.010956800542771816
0 0.35658231377601624 0.8329786062240601 0.20920592546463013 0.1318853795528412
0 0.2905867099761963 0.940241813659668 0.18741263449192047 0.11951640248298645
0 0.3536969721317291 0.8792980313301086 0.031114276498556137 0.022986864671111107
0 0.4097732901573181 0.8784478306770325 0.03214876353740692 0.023209013044834137
0 0.3472217619419098 0.7608426213264465 0.04553062841296196 0.025176750496029854
0 0.3828393518924713 0.7098250389099121 0.04093890264630318 0.025096630677580833
