0 0.1770046204328537 0.9773627519607544 0.3540092408657074 0.0452745221555233
0 0.3173756003379822 0.9458897113800049 0.05197979509830475 0.03577524796128273
0 0.33033835887908936 0.8633471131324768 0.36505165696144104 0.13635490834712982
0 0.4464404881000519 0.9983317255973816 0.10063018649816513 0.0033365886192768812
0 0.41890257596969604 0.958016037940979 0.054483603686094284 0.020790213719010353
0 0.5103245377540588 0.9017397165298462 0.0325864776968956 0.007685061078518629
0 0.5345456004142761 0.8351837396621704 0.032440949231386185 0.006554215215146542
0 0.4810292422771454 0.782714307308197 0.04349222034215927 0.012889607809484005
0 0.3450154960155487 0.7598091959953308 0.06363042443990707 0.020339909940958023
0 0.47234511375427246 0.7108866572380066 0.05211178585886955 0.011766617186367512
