0 0.24895799160003662 0.8902779817581177 0.2104170322418213 0.12685203552246094
0 0.328125 0.824999988079071 0.0333329439163208 0.018519043922424316
0 0.33411502838134766 0.7824069857597351 0.1890619993209839 0.07592594623565674
0 0.3817710280418396 0.8305559754371643 0.0291670560836792 0.014814972877502441
0 0.32734400033950806 0.715740978717804 0.036978960037231445 0.014814972877502441
0 0.37239599227905273 0.6759260296821594 0.06354200839996338 0.02407395839691162
0 0.41145801544189453 0.7314810156822205 0.02291703224182129 0.005555987358093262
0 0.44349002838134766 0.7634260058403015 0.021353960037231445 0.008332967758178711
0 0.42786502838134766 0.8023149967193604 0.015104055404663086 0.006481051445007324
0 0.39973998069763184 0.8527780175209045 0.050521016120910645 0.00925898551940918
0 0.3895829916000366 0.8745369911193848 0.05104196071624756 0.01574099063873291
0 0.40260398387908936 0.8981480002403259 0.04062497615814209 0.011111021041870117
0 0.36848998069763184 0.9162039756774902 0.044270992279052734 0.013888955116271973
